$ANSIBLE_VAULT;1.1;AES256
37643263343562316533633338643661356533353765363131366335653937303639376133366438
3262623162363966396631646637633139353335376564370a303133653734313761303466393261
39653763616566656134323939373934656439383865373534356264356237313637303365623830
6432363931653430390a623835383761303530636531373338396366373165376533663663323465
61303465303263363236353239366533356466336138626532303731326461363966333063633765
33306438633930396238393331313664613263373238356161666138316132613662363761366538
31393266656265616663636638393364336636306664353364343033356138316332343461336436
64343832323630303532373239643030323839383339396361623361353365376264336561306134
62633036613262343634343934623838636364643239383062386564623935623232346135616631
66653533646236386363313638346130323833346639303666353461323766613062343061386238
39393839306133643535316536663232663331666334353033656633343861653166333062626632
36656661636434396334313762663935643334623137626334656336343631633662363531326161
30313164393263373061336639626230346531643833376437376563343935336663386136666464
61663637373034616538366166356135353862383266633634353136623930633038613731366133
65366665353733303339653063373530323134353038663332353535346536326631313332356533
39366265323732356231336130346466633361616665313830363031623830393964663937353632
30373435326137613232343235623830616538323138363361656166383534306332653733623433
31616363623566313533323133363762303832613265336233333530613165343933346134303062
65373136666434636236636365623931363564356637633366356333646263656337326136333931
34313630386333616537333831386137666538623335633665646539313162623164336238613764
62343663383535333064666135346136346365393036333731316137353731303530666438323635
66613765303663336135653032313538663333313730633261333539346230376637636635363937
64646535356532353963656561626236376663623765336339646465653337363439353164643033
38623532653139646466353530343565346530336139306631356130363665356639643363303132
38656264616635353937383039366339383034333332376232366533636465333736376632623534
63393233663930336530333465363633306564633066346638316534363662613964316335663235
62333530643930636262623433366566383732306233313338633463363836666131653638636334
33616366633237366235613332303163346165306339346336336337306136356139656232663939
32633534396533323033386532633534666137366132313732323935303666333530373433366263
66393731333937623061396232323235396433393533343030383261663338333334326131316536
34363834633163343963306334353637363862383932336537303666386538653865613362623064
62626430363639666334633266333262623566313966633961613435366132613461366539653331
39356634636534663830396639366464313863393632313064633963653661613836663132616363
62663630303636343939643162353834313662643136323632646536363533663337663030633533
62636634323066373636336264666633313461323764343137306164306232633035663566313937
36373362376130646161303635383937663663636135623833663436626464346434353532316135
62376563666261313337383261343065326562393861363835653434313237386438383035366263
31396535643432363365643564393831393733326635326261613235346466393165326363306431
30313563336464633133653138386434653032663566306535383932633963373633356135653931
65326537373663353262303433373439653932643263373562373361633033303438353364353732
35383237626432383235613934393561323761353566636632396236313938613234623337313338
64336239653938383766373631323330303264613862643431303963376632363431613031663664
35643732386235303831616538313061396237393161386434353133316462616135343832343133
38633463653531656339303133303638356663613466343930356237393466343066636433386563
36306639626263623539653239616430393137613861663037613265373932373536343363383630
35666537353433663334623637363930366430306262626336303630613264323436373638666366
37613230373333653830366237336661613437336238306537653033613733373332663664663565
31396133303232636138346333313131323463643939306136663362383335613338356665666235
34363462316231376434376238376434623366383434653266626663343833343735363430633739
31383266636365373064636431653630326337663632656163653939323961616463306634373833
61356634636661666433616631363466663135636532353234333635626661623131383333333035
36393035666262326532383539333836326661363130343133306262613934666234306431376531
66313430623734616234323838363938316631396336656339303931613937626163646638646638
38623830383765313239623334636163313634663335343164643862346362633538663739333966
64366563643564343436336261646162613036313839383065306638366235386336343833323531
34646665643864656132353466393365316362343430333766316430356132393538373734643264
63613262306535313134613939666236636539306637333736656166643165623563363561633564
38656637376334356464613864323966623131333466376336623061363562373462386136616335
37633036613761626164663865323134333331666462623561613233343262633165656565383739
38333365653733633666396535663462616633396636643466643237326663666666376435336464
31393062366665303466323731333566323563643264376361356233316533343436656233313663
36373537336434646536663165373562333066633464356132333130376165633334633864363535
65366131363932623439373836333465363137343466376338396563336633653635323433386230
32663066376232666366623935323261353261653261383533656336373233316133356261376361
39393164366262346162363636386261323136343134653836633266373937643538613234626364
39623634623361353436656439613361366431373864396263353334613333343765616563343061
66306236616236636362363062616664396364633865613834333337303865366263336630306564
62363230323733366164386430346236303036353965333937636336663066623135336263336236
31353139376130666637313631396132383937616333613336643164383837656135363236316538
62316566323961303532656336363164363238376638646262643332346563303437303863313035
31626531363335646466303863353030663530303661333961326532636661366566396365663330
32363166333532323262313230383461343333303263646363663131663037386336333734316337
65633033373965626632333632343638336433333232386164393532336533643564616562653936
34356139346331613561623331653463323265643334656138643962303432643333623037626136
61303437663339363261383165623631613564343135306538353035346637653931353061373864
31613466636138366332306334336239316336636665386362633334666638373136396561383163
36323333636136336634303466303963383664323135346634373432386639303938343637663837
31643330323364636635343734666265343639323239336336343537656364653930643533393363
32616439313666633536323532396163363564303636626466343230313134353363343361396534
64393062306634386138636433306636653264633261373761393434383831373064666562373362
66303233653936653038623466353931393031633332353838326166373661336636326233316330
63316638353734313434396539623432373937336636316238626532626639383933373263653462
64366636333666666233366139636562333333323262653462656639323731303836313564316335
33396331663635656230666633333432646535323338646465626339343165303634653630653661
64393062343561383066376134666463306665633363656434643232383233393363326631353831
32653264653261643538386361313661323361396365663961333666353938353434663731386632
37653566663237346339323537373935616463356161666465623238656337383636656238363530
63306238386566356135
