$ANSIBLE_VAULT;1.1;AES256
34613830653630383634626664393330303664303930336234613430616562303935633463313033
6565376465363034333637666261626365393539353862650a633664326436646363353566363734
65386132353233373239366233323639363837393430373634623937353164393139363961653965
3631623963393466630a326361323364383134303866646234383461366165633734363464333830
62333132656365313539623237396535656533373437663638373833373561383363316337353961
33306336356466323732316535623739343230353838326166306362336530646165373930613230
32383064303166353931306433633930633538623161323736383838316630613639613766643334
65346133323965656130633930633831306361633362353266353834383963336437643461356533
62323466363932653663656534346430366631393630623033653730636635343131333133376430
34363362343763363431663237343631373631366638396166316432393037393061656330383730
63396238343562326532303332373034616633323339316532366366613939623833313139623033
65336165323766373762356330643332633636346434663063643633363161393733343061363765
38656533663931323862646139353166363532663463646630383934633761663437346163646362
34333063393439613361663132303035386138353665623531613835333739616235333135613137
33316265323231343133613431396533336134353561346164323766306437626530376537306464
38623366363233316633633436393665303561626665646134393465616636613138613162333763
63326531363237656130626263373766393166653134613935343632313535386265313433383633
34393565386333303732623261393332363161313835643036663136323731353634376162383332
62643136333466616661633261323963626438303333646630376432323933346338383261363665
35373164303961663563383966323333646464653166363532313737646165626162366433323834
35633438306137336664616332636532396562373337643239633537323364313430356133623036
34323337386130306365343532616531333137616266653234333763356434363930343165626263
66663434353036316230383062343334363137383435343866306335326432373530393730613666
36346466303665646632623930383530623639343634656333356439633137666635343562653930
66636364316139663334356361353430643736616565323132663565386433303638
